.Random.seed <-
c(403L, 352L, -660323477L, 1417356838L, 1270775855L, -359180382L, 
622821532L, -1372328864L, -2128713540L, -680743121L, 722778206L, 
-485665339L, -252437478L, -1368116680L, 1909501845L, -856363213L, 
116495189L, 1413291081L, 660026486L, 2110409889L, -66664801L, 
-1730914921L, 1431748565L, -897308865L, -271730195L, -562551654L, 
708386720L, 843896609L, -2017914756L, -682953359L, -1454292641L, 
553536198L, 1911592668L, -178074216L, 1473981850L, 141967580L, 
1438957552L, -38077767L, 1675641139L, -2018329867L, 965554934L, 
-814690079L, 228842907L, 1172696675L, -2029852074L, -2064966464L, 
949428699L, -1015587549L, -1407254085L, 1725069308L, 2105409792L, 
-2032113480L, 1795115777L, 1264008580L, -2054392986L, 36094521L, 
-1857497152L, 1569570885L, -1694658283L, 622400711L, 1724015442L, 
-340888558L, 1974638272L, 402614647L, -1297642611L, 1058396830L, 
-1501341330L, -709938923L, 566553270L, 481429779L, 1578083980L, 
1807307L, -1859121147L, -1140052969L, -958142057L, 993782339L, 
-2014996876L, 439190754L, 1414783733L, 2095378482L, 2070022729L, 
-321611601L, -899904585L, 2129623725L, 1002686855L, -1135667162L, 
-89816994L, -1324847492L, -490353150L, -2071397515L, 1695223515L, 
1840521077L, 871208103L, 921435608L, 2115410975L, 682767915L, 
-1652869971L, 1258418674L, 285361015L, -534384850L, -815451241L, 
1763490142L, -1884952358L, 935748618L, -1473106701L, -943186903L, 
-1347024316L, -1112683375L, 2084977340L, 1412662081L, -333582851L, 
-517333565L, 603759734L, 519634901L, -392427950L, 97626344L, 
718705049L, 14418055L, -853287499L, -732204173L, 1826358691L, 
-1415286579L, -1325502070L, 1532487635L, 1122100418L, 823717558L, 
866531117L, 1358486635L, -632627714L, 1836108654L, -2092758508L, 
1022752950L, -877542057L, 566529539L, 1596549993L, 537339181L, 
-560019077L, 745642855L, 168159011L, 1889782190L, 792458446L, 
-2008389877L, 1022906843L, 128566014L, -334137714L, -1702644731L, 
-1288040873L, -184173256L, 246323800L, 750050772L, 276197356L, 
1289429105L, -1279364413L, -1342965588L, -1854107796L, 1851767338L, 
1537947483L, -1450834179L, -269220337L, -1823201612L, -246593316L, 
972587200L, -1504600117L, 1468118907L, 1979269191L, -961373190L, 
-457394910L, 624144333L, 312388346L, -799267778L, 60548204L, 
-880353961L, 171798159L, 2052079410L, 976842661L, 906450097L, 
1108266539L, -433824410L, 101014780L, 939557404L, -752380867L, 
1881841747L, -106612197L, -1131090629L, -653221185L, -463135340L, 
-1863402790L, -518767973L, -1565896826L, -1336189919L, 2130907885L, 
-1959394346L, 252392460L, -2049223976L, 1202932897L, -2108619347L, 
626601550L, -320069526L, -1672941669L, -415883856L, 814141989L, 
108438767L, 1823385136L, 1665326655L, -2004829186L, -1032672548L, 
-1342207503L, -259244033L, 815062086L, -1044592002L, 1142899991L, 
1178455377L, 778994475L, -1941731311L, -1665017719L, 782220464L, 
-467302847L, -1532608971L, 1220015087L, -1595387127L, -1142130455L, 
-2135725327L, 522722714L, 1825549293L, 908614422L, -1965135775L, 
1642053964L, 1273421368L, 1088918860L, 2130743065L, -1730150647L, 
-1873887939L, -1757419613L, -846389503L, -1398091231L, 870810007L, 
1223143342L, 1625577398L, -595630418L, 967591664L, 945005182L, 
1195631678L, -1703734125L, 1782168352L, 984979143L, -2112840937L, 
-1592717526L, 117761717L, 242056213L, 1852060126L, 1742612459L, 
-784180731L, 1927158503L, -700971779L, -1572887058L, 1094387013L, 
-2147423754L, 197616726L, 1113085217L, 546726781L, -1944604905L, 
-652294804L, 1613126148L, 1279230307L, 1595213583L, -309813305L, 
71640775L, -553772111L, -1970909075L, 1863799601L, -176251959L, 
1827034074L, 19136054L, -1212991695L, 1973296959L, -1841565434L, 
887065116L, 179574694L, -1942186802L, 641659764L, 1798657923L, 
1981199452L, 1463808913L, -168199467L, -1921829630L, 2024028766L, 
-657824896L, 1130785728L, 878574857L, -1617130294L, -1959967444L, 
-949464371L, 920100668L, -2032970995L, 1120119119L, 1896569297L, 
-884621496L, 1083475305L, -951847035L, -345179491L, -634891869L, 
228358193L, 1901465496L, -1715069063L, 520854137L, 1855813361L, 
1258159512L, -1436270582L, 1415005710L, 309433239L, 1550187466L, 
-1345178723L, -570793006L, 219972409L, 128760805L, 1284645553L, 
1257495679L, 247120656L, -897907811L, -122109118L, 418196882L, 
-520781850L, -502996774L, -783585518L, 535245244L, 860558123L, 
-1326090532L, -1170385639L, -1298118769L, 843774956L, 1100184573L, 
-607254044L, 1948712016L, 114457569L, -1647666322L, -1965374232L, 
-69955303L, 979775193L, -2006198392L, 1832801878L, -147256509L, 
187542550L, 2099003928L, 1619271627L, -2051998683L, -119908313L, 
1427391486L, 1882924308L, -1691655765L, 930276309L, -1473003683L, 
-372118837L, 886465906L, -65061787L, -2027894102L, -1195505822L, 
387434975L, 254736144L, -1058645475L, -784593374L, 416832913L, 
1213580132L, 1004157576L, -1830566931L, -1733779906L, 124741449L, 
1684138997L, 796335452L, 426971691L, 1010078856L, 1403206398L, 
120870609L, -1946536079L, -1043447014L, -128865731L, 2076542095L, 
1597544018L, -1020472376L, -1197034420L, 1655218630L, 1923346774L, 
1103071430L, -2094675003L, -608220003L, 1955039480L, 70352621L, 
1127782733L, -558037392L, -308992212L, -788511863L, -1966939156L, 
-2028984708L, 1055060020L, -1236628633L, -447507715L, -1127479345L, 
2039115257L, -354053920L, -90126312L, 882565348L, -1635181248L, 
-1268639205L, 2125501568L, -1238516257L, -1771632628L, -1076007298L, 
-133661157L, -921706531L, 1290105845L, -437388721L, -1184291611L, 
-379164270L, -760184341L, -1654263984L, 778673412L, -57072860L, 
-459667791L, -1166523042L, -506452547L, -1396795981L, 865634963L, 
-60501787L, -773287345L, -740068837L, 279653293L, 1199800162L, 
1893836178L, -1082701947L, -1506597615L, 1502856985L, 1095241278L, 
2078174720L, -338697611L, -1857770157L, 655612124L, -499678145L, 
-1219982279L, -704059868L, 472045842L, 2010306826L, 880095513L, 
-1794749065L, -1088474815L, 832852210L, -1530030158L, -896149602L, 
719973632L, 2017900812L, 171189570L, -2132786064L, 271427008L, 
1994433989L, 1363349532L, -2120099922L, 88990680L, 504697560L, 
-1461059623L, -561502516L, -1830341621L, -346023057L, 464786730L, 
-1082315370L, 2076604479L, 1388714118L, -1081169352L, -1819656293L, 
1903059778L, 1939915653L, 1387881145L, -1149805693L, 1459134159L, 
-1920170355L, 2050122881L, -622864116L, 1124644741L, 1914468615L, 
1126714200L, -998596000L, 1268503259L, -1668421218L, -485961150L, 
-1097076263L, 675625877L, 400704400L, -563252994L, 662064731L, 
-1584519373L, 206875774L, -995647700L, -179237858L, 920573411L, 
-1942627806L, -475917408L, -557572205L, -109294244L, -343905462L, 
-1523276227L, -457073453L, 1394610648L, 1539133311L, -1602712856L, 
-1329655742L, 1629553323L, -1931620071L, 346299288L, 785496886L, 
1349485078L, -907328785L, -2030374396L, 104912206L, 1023496536L, 
-1772521759L, 344515442L, -1797439639L, -994447955L, 1932208870L, 
-2012846864L, -1861848214L, -1180417564L, -971874749L, 2017390097L, 
1768156362L, 649626175L, -49270806L, -1506306430L, -1505317027L, 
-1859798561L, 1588618395L, -2104952886L, -444300444L, -1425150601L, 
1514728387L, -330115036L, 1981932964L, 334809338L, -1107983465L, 
1892666772L, -908863581L, 2050289436L, -1761023218L, -1793959822L, 
365820204L, -255498677L, 1648834586L, -1397488506L, 1329971701L, 
1746677053L, -1442844152L, 1444202695L, 402360818L, 126470171L, 
-1468135242L, 853459653L, 445377540L, -1788350636L, -773393576L, 
1105706435L, -522842322L, 1742293113L, -563616021L, -36646195L, 
-992944928L, -515877662L, -840189092L, 1964130879L, -623495137L, 
-924631405L, 1888762604L, 1348747016L, 1860655203L, 415878684L, 
123808646L, -17722531L, 1905168969L, -405793880L, -723284740L, 
530449310L, -1909427269L, -1336173644L, -1027335640L, 1249587913L, 
2146772897L, 2042570570L, -400937013L, -2123721097L, -1298640767L, 
847826731L, 301635446L, -2070684150L, -754366282L, 138085169L, 
529130759L, -1221757353L, -1560946623L, -1952545680L, -539605207L, 
-2068730426L, 208961526L, -155774613L, -190577381L, 1364414550L, 
